247 trials where Bot 4 lost and Bot 2 won; replaying each with 40 fresh fires
q, trial: Bot 2, Bot 3, Bot 4
0.1, 495: 0.93, 1.00, 1.00
0.1, 1678: 0.93, 0.97, 0.90
0.125, 27: 0.50, 0.55, 0.57
0.125, 489: 0.97, 1.00, 0.93
0.125, 942: 0.88, 0.93, 0.85
0.125, 2364: 0.93, 0.95, 0.93
0.15, 675: 0.93, 0.97, 0.93
0.15, 1082: 1.00, 1.00, 1.00
0.15, 1101: 0.62, 0.70, 0.62
0.15, 1420: 0.95, 0.97, 0.95
0.175, 132: 0.80, 0.90, 0.93
0.175, 162: 0.80, 1.00, 0.97
0.175, 1441: 0.50, 0.42, 0.55
0.175, 1524: 0.65, 0.65, 0.60
0.175, 1915: 0.93, 0.97, 0.93
0.175, 2965: 0.78, 0.72, 0.88
0.2, 250: 0.35, 0.20, 0.25
0.2, 715: 1.00, 1.00, 1.00
0.2, 1006: 0.93, 1.00, 0.97
0.2, 1301: 0.93, 0.90, 0.95
0.2, 1312: 0.97, 1.00, 0.90
0.2, 1627: 0.90, 0.93, 0.90
0.2, 1696: 0.62, 0.55, 0.70
0.2, 2221: 0.70, 0.70, 0.62
0.2, 2483: 1.00, 1.00, 0.78
0.2, 2553: 0.17, 0.10, 0.07
0.2, 2675: 0.55, 0.65, 0.62
0.225, 865: 0.07, 0.07, 0.03
0.225, 1102: 0.90, 1.00, 0.93
0.225, 1543: 0.68, 0.88, 0.75
0.225, 1625: 0.28, 0.25, 0.78
0.225, 2227: 0.90, 0.95, 0.95
0.225, 2432: 0.82, 0.75, 0.80
0.25, 102: 0.62, 0.62, 0.62
0.25, 141: 0.68, 0.70, 0.72
0.25, 386: 0.95, 1.00, 0.75
0.25, 404: 0.95, 0.97, 0.85
0.25, 1026: 0.97, 0.97, 0.97
0.25, 1092: 0.82, 0.93, 0.90
0.25, 1134: 0.82, 0.85, 0.80
0.25, 1232: 0.88, 0.93, 0.88
0.25, 1705: 0.78, 0.70, 0.68
0.25, 1806: 0.50, 0.57, 0.55
0.25, 1985: 0.65, 0.10, 0.62
0.25, 2778: 0.25, 0.20, 0.23
0.275, 674: 0.25, 0.23, 0.65
0.275, 762: 0.90, 0.82, 0.78
0.275, 1620: 0.45, 0.50, 0.68
0.275, 1622: 0.17, 0.10, 0.40
0.275, 1645: 0.15, 0.15, 0.30
0.275, 1743: 0.60, 0.93, 0.75
0.275, 2135: 0.40, 0.42, 0.45
0.275, 2915: 0.70, 0.65, 0.80
0.3, 420: 0.75, 0.72, 0.80
0.3, 1528: 0.82, 0.97, 0.85
0.3, 1686: 0.23, 0.15, 0.20
0.3, 1708: 0.07, 0.05, 0.03
0.325, 0: 0.62, 0.62, 0.65
0.325, 337: 0.15, 0.12, 0.20
0.325, 754: 0.72, 0.85, 0.80
0.325, 993: 0.17, 0.28, 0.28
0.325, 1669: 0.68, 0.90, 0.88
0.325, 2042: 0.33, 0.30, 0.33
0.325, 2122: 0.42, 0.42, 0.38
0.325, 2215: 1.00, 1.00, 0.75
0.35, 179: 0.33, 0.25, 0.38
0.35, 226: 0.78, 0.65, 0.70
0.35, 692: 0.97, 0.97, 0.95
0.35, 1260: 0.70, 1.00, 0.82
0.35, 1571: 0.75, 0.70, 0.60
0.35, 1913: 0.30, 0.20, 0.28
0.35, 1965: 0.68, 0.62, 0.70
0.35, 2367: 0.93, 0.97, 0.85
0.375, 230: 0.12, 0.17, 0.53
0.375, 385: 0.68, 0.62, 0.70
0.375, 555: 0.60, 0.57, 0.55
0.375, 1442: 0.17, 0.07, 0.15
0.375, 1595: 0.30, 0.28, 0.25
0.375, 1832: 0.57, 0.55, 0.57
0.375, 1897: 0.75, 0.75, 0.20
0.375, 1949: 0.97, 0.97, 0.82
0.375, 1951: 0.97, 1.00, 0.85
0.375, 1955: 0.40, 0.40, 0.62
0.375, 2301: 0.70, 0.57, 0.62
0.375, 2379: 0.33, 0.28, 0.23
0.375, 2407: 0.45, 0.33, 0.42
0.375, 2688: 0.78, 0.68, 0.72
0.375, 2733: 0.10, 0.07, 0.05
0.4, 328: 0.62, 0.47, 0.47
0.4, 730: 0.05, 0.07, 0.10
0.4, 947: 0.17, 0.28, 0.47
0.4, 1461: 0.97, 1.00, 0.93
0.4, 2579: 0.88, 0.90, 0.85
0.4, 2890: 1.00, 1.00, 0.90
0.4, 2930: 0.38, 0.35, 0.35
0.425, 1130: 0.93, 0.93, 0.85
0.425, 1699: 0.40, 0.50, 0.62
0.425, 1783: 0.95, 0.95, 0.95
0.425, 1803: 1.00, 1.00, 1.00
0.425, 2091: 0.05, 0.03, 0.10
0.425, 2418: 0.60, 0.65, 0.38
0.425, 2554: 0.25, 0.17, 0.28
0.425, 2985: 0.15, 0.17, 0.45
0.45, 138: 0.72, 0.78, 0.78
0.45, 519: 0.88, 0.88, 0.82
0.45, 878: 0.05, 0.03, 0.17
0.45, 884: 0.12, 0.07, 0.15
0.45, 1409: 0.00, 0.00, 0.00
0.45, 1560: 0.33, 0.23, 0.42
0.45, 2213: 1.00, 1.00, 1.00
0.45, 2804: 0.78, 0.72, 0.88
0.475, 335: 0.50, 0.53, 0.55
0.475, 518: 0.88, 0.88, 0.75
0.475, 530: 1.00, 1.00, 1.00
0.475, 533: 0.45, 0.38, 0.40
0.475, 1265: 0.07, 0.03, 0.03
0.475, 1317: 0.72, 0.70, 0.68
0.475, 1412: 0.07, 0.03, 0.05
0.475, 1935: 0.72, 0.70, 0.40
0.475, 2161: 0.23, 0.10, 0.07
0.475, 2247: 0.80, 0.78, 0.93
0.475, 2271: 0.10, 0.10, 0.05
0.475, 2848: 0.97, 0.97, 0.95
0.5, 381: 0.45, 0.53, 0.82
0.5, 412: 0.78, 0.72, 0.70
0.5, 1638: 0.25, 0.20, 0.53
0.5, 2073: 0.62, 0.60, 0.55
0.5, 2779: 0.97, 0.82, 0.97
0.5, 2962: 0.03, 0.03, 0.00
0.525, 161: 0.40, 0.47, 0.60
0.525, 438: 0.50, 0.40, 0.33
0.525, 621: 0.07, 0.07, 0.10
0.525, 874: 1.00, 0.97, 0.93
0.525, 1016: 0.75, 0.65, 0.72
0.525, 1202: 0.55, 0.47, 0.55
0.525, 1495: 0.28, 0.50, 0.40
0.525, 1792: 0.78, 0.75, 0.85
0.525, 2415: 0.33, 0.30, 0.15
0.525, 2624: 0.47, 0.50, 0.85
0.525, 2819: 0.60, 0.60, 0.60
0.525, 2912: 0.93, 0.88, 0.78
0.55, 60: 0.82, 0.78, 0.80
0.55, 157: 0.97, 0.97, 0.97
0.55, 776: 0.80, 0.85, 0.85
0.55, 847: 0.47, 0.40, 0.42
0.55, 1074: 0.17, 0.10, 0.03
0.55, 1705: 0.68, 0.60, 0.65
0.55, 1861: 1.00, 1.00, 0.97
0.55, 1974: 0.33, 0.25, 0.10
0.55, 2395: 0.23, 0.23, 0.12
0.55, 2426: 0.20, 0.12, 0.00
0.575, 269: 0.00, 0.00, 0.00
0.575, 1923: 0.88, 0.88, 0.85
0.575, 2035: 0.25, 0.23, 0.28
0.575, 2423: 0.70, 0.68, 0.53
0.575, 2981: 0.30, 0.28, 0.25
0.6, 663: 0.25, 0.23, 0.20
0.6, 665: 0.20, 0.17, 0.25
0.6, 808: 0.65, 0.57, 0.47
0.6, 1107: 0.97, 0.97, 0.95
0.6, 1505: 0.00, 0.00, 0.00
0.6, 1684: 0.82, 0.78, 0.72
0.6, 1940: 0.65, 0.62, 0.75
0.6, 2105: 0.65, 0.65, 0.65
0.6, 2350: 0.07, 0.05, 0.10
0.6, 2400: 0.78, 0.75, 0.78
0.625, 884: 0.45, 0.45, 0.40
0.625, 940: 0.30, 0.30, 0.30
0.625, 956: 0.15, 0.23, 0.25
0.625, 1466: 1.00, 0.97, 0.93
0.625, 1468: 0.25, 0.25, 0.20
0.625, 1500: 0.80, 0.78, 0.78
0.625, 1574: 0.93, 0.93, 0.82
0.625, 1634: 0.23, 0.15, 0.07
0.625, 1655: 0.15, 0.12, 0.10
0.625, 1688: 0.68, 0.68, 0.68
0.625, 1949: 0.45, 0.40, 0.35
0.625, 2044: 0.00, 0.00, 0.00
0.625, 2221: 0.23, 0.15, 0.00
0.625, 2242: 0.15, 0.68, 0.78
0.625, 2533: 0.55, 0.55, 0.53
0.625, 2814: 0.03, 0.03, 0.00
0.625, 2907: 0.57, 0.65, 0.65
0.625, 2910: 0.20, 0.12, 0.10
0.65, 20: 0.60, 0.28, 0.25
0.65, 303: 0.55, 0.53, 0.70
0.65, 523: 0.45, 0.45, 0.25
0.65, 752: 0.72, 0.70, 0.57
0.65, 783: 0.28, 0.17, 0.25
0.65, 822: 0.50, 0.38, 0.10
0.65, 1394: 0.12, 0.07, 0.03
0.65, 1522: 0.30, 0.30, 0.30
0.65, 1677: 0.28, 0.23, 0.25
0.65, 1816: 0.75, 0.62, 0.62
0.65, 1935: 0.95, 0.90, 0.93
0.65, 2004: 0.03, 0.03, 0.03
0.65, 2149: 0.35, 0.35, 0.33
0.65, 2464: 0.12, 0.10, 0.10
0.65, 2492: 0.85, 0.85, 0.82
0.65, 2498: 0.42, 0.30, 0.30
0.65, 2717: 0.78, 0.78, 0.78
0.65, 2740: 1.00, 1.00, 0.85
0.65, 2832: 0.05, 0.07, 0.05
0.675, 1: 0.62, 0.75, 0.75
0.675, 64: 0.60, 0.57, 0.50
0.675, 77: 0.60, 0.57, 0.53
0.675, 446: 0.90, 0.90, 0.90
0.675, 487: 0.17, 0.17, 0.12
0.675, 580: 0.55, 0.55, 0.40
0.675, 634: 0.72, 0.70, 0.65
0.675, 845: 0.05, 0.03, 0.03
0.675, 1011: 0.17, 0.15, 0.03
0.675, 1139: 0.47, 0.45, 0.30
0.675, 1270: 0.07, 0.07, 0.03
0.675, 1352: 0.45, 0.38, 0.10
0.675, 1536: 0.12, 0.12, 0.12
0.675, 1715: 0.33, 0.28, 0.28
0.675, 1810: 0.53, 0.60, 0.57
0.675, 2143: 0.95, 0.95, 0.97
0.675, 2824: 0.80, 0.68, 0.70
0.7, 36: 0.00, 0.00, 0.00
0.7, 293: 0.78, 0.68, 0.50
0.7, 538: 0.38, 0.38, 0.15
0.7, 613: 0.68, 0.68, 0.60
0.7, 757: 0.25, 0.25, 0.17
0.7, 884: 0.62, 0.62, 0.53
0.7, 1557: 0.82, 0.80, 0.80
0.7, 1885: 0.42, 0.38, 0.35
0.7, 2404: 0.15, 0.15, 0.07
0.7, 2894: 0.95, 0.95, 0.45
0.75, 410: 0.12, 0.17, 0.15
0.75, 860: 0.78, 0.78, 0.57
0.8, 53: 0.93, 0.93, 0.42
0.8, 58: 0.50, 0.40, 0.28
0.8, 69: 0.68, 0.60, 0.45
0.85, 96: 0.88, 0.85, 0.78
0.85, 163: 0.35, 0.28, 0.00
0.85, 182: 0.35, 0.25, 0.25
0.85, 274: 0.00, 0.00, 0.00
0.85, 288: 0.05, 0.03, 0.00
0.85, 478: 0.30, 0.30, 0.25
0.9, 392: 0.55, 0.55, 0.53
0.9, 501: 0.35, 0.35, 0.20
0.9, 679: 0.20, 0.20, 0.15
0.9, 758: 0.68, 0.68, 0.57
0.95, 40: 0.00, 0.00, 0.00
0.95, 736: 0.00, 0.00, 0.00
Mean win rate over these starts: Bot 2 0.543, Bot 3 0.533, Bot 4 0.519
Bot 4 does better from 70 of these starts, worse from 138, the same from 39.
