48 trials where Bot 4 lost and Bot 3 won; replaying each with 40 fresh fires
q, trial: Bot 2, Bot 3, Bot 4
0.2, 250: 0.35, 0.20, 0.28
0.2, 1233: 0.65, 0.57, 0.82
0.2, 1641: 0.40, 0.75, 0.45
0.2, 2012: 0.28, 0.23, 0.50
0.2, 2034: 0.75, 0.70, 0.82
0.225, 466: 0.72, 0.95, 0.93
0.25, 221: 0.68, 0.60, 0.68
0.25, 1208: 0.82, 0.82, 0.85
0.25, 1985: 0.65, 0.10, 0.65
0.25, 2027: 0.57, 0.55, 0.78
0.275, 1742: 0.60, 0.65, 0.95
0.275, 1856: 0.70, 0.72, 0.95
0.325, 2569: 0.23, 0.20, 0.33
0.35, 1207: 0.30, 0.33, 0.35
0.35, 1613: 0.45, 0.40, 0.62
0.375, 1041: 0.78, 0.70, 0.82
0.375, 1343: 0.65, 0.75, 0.90
0.375, 1773: 0.25, 0.17, 0.65
0.4, 998: 0.70, 0.55, 1.00
0.4, 2234: 0.68, 0.65, 0.90
0.425, 1596: 0.68, 0.60, 0.68
0.425, 1628: 0.80, 0.85, 0.88
0.425, 2204: 0.47, 0.47, 0.70
0.425, 2761: 0.95, 0.90, 0.95
0.45, 115: 0.20, 0.28, 0.50
0.45, 2576: 0.03, 0.03, 0.05
0.475, 1041: 0.50, 0.42, 0.50
0.5, 1398: 0.40, 0.38, 0.53
0.5, 1795: 0.40, 0.65, 0.42
0.5, 1957: 0.38, 0.55, 0.68
0.5, 2088: 0.45, 0.50, 0.80
0.55, 546: 0.50, 0.53, 0.50
0.55, 1243: 0.72, 0.70, 0.72
0.575, 654: 0.35, 0.45, 0.60
0.575, 826: 1.00, 0.97, 1.00
0.575, 900: 0.60, 0.60, 0.78
0.575, 2758: 0.60, 0.42, 0.62
0.575, 2931: 0.97, 0.95, 0.97
0.6, 1441: 0.62, 0.60, 0.62
0.6, 1505: 0.00, 0.00, 0.00
0.625, 1570: 0.57, 0.42, 0.57
0.625, 1598: 0.80, 0.80, 0.85
0.65, 783: 0.28, 0.17, 0.35
0.65, 1169: 0.60, 0.62, 0.82
0.65, 1804: 0.38, 0.50, 0.38
0.675, 1536: 0.12, 0.12, 0.28
0.7, 512: 0.47, 0.38, 0.40
0.9, 319: 0.45, 0.45, 0.65
Mean win rate over these starts: Bot 2 0.531, Bot 3 0.519, Bot 4 0.646
Bot 4 does better from 42 of these starts, worse from 5, the same from 1.
